-0.065520
0.041283
-0.047707
0.026452
0.093465
0.090885
-0.040881
0.136048
0.036743
-0.065157
0.000718
0.010952
-0.004487
-0.094405
0.096255
-0.088840
0.004793
0.000961
0.080236
0.010156
-0.091622
-0.070367
-0.012495
-0.013957
0.032251
0.008493
-0.051055
-0.016351
0.033527
-0.020846
0.026440
0.021635
-0.006858
-0.086693
-0.018593
-0.054768
-0.094888
0.044846
0.051779
0.055677
-0.069616
0.073582
0.018220
-0.049111
0.034238
0.008921
0.065159
-0.039960
0.044574
-0.041710
0.036231
0.012630
-0.069408
0.025180
-0.022898
-0.036078
0.035458
-0.090096
0.012676
0.127561
0.066481
-0.041947
-0.012754
-0.084281
-0.001793
0.045416
0.135706
-0.102576
0.071205
0.026675
-0.033724
0.059621
0.022830
0.021923
-0.006362
-0.068504
0.103547
-0.054549
-0.023646
0.073282
0.003416
-0.049540
-0.029909
0.081421
